Epoch    GPU_mem   box_loss   obj_loss   cls_loss  Instances       Size
   482/1999      8.34G    0.01816   0.008542    0.00826         66        640: 100%|██████████| 492/492 [02:11<00:00,  3.74it/s]                                                                       
                 Class     Images  Instances          P          R      mAP50   mAP50-95: 100%|██████████| 83/83 [00:22<00:00,  3.73it/s]                                                              
                   all       3448      10017      0.933      0.923      0.955      0.873
Stopping training early as no improvement observed in last 100 epochs. Best results observed at epoch 382, best model saved as best.pt.
To update EarlyStopping(patience=100) pass a new patience value, i.e. `python train.py --patience 300` or use `--patience 0` to disable EarlyStopping.

483 epochs completed in 21.059 hours.
Optimizer stripped from Traffic_signs_v5m_scratch/exp/weights/last.pt, 43.8MB
Optimizer stripped from Traffic_signs_v5m_scratch/exp/weights/best.pt, 43.8MB

Validating Traffic_signs_v5m_scratch/exp/weights/best.pt...
Fusing layers... 
YOLOv5m_200 summary: 212 layers, 21657093 parameters, 0 gradients, 50.4 GFLOPs
                 Class     Images  Instances          P          R      mAP50   mAP50-95: 100%|██████████| 83/83 [00:26<00:00,  3.10it/s]                                                              
                   all       3448      10017      0.918      0.934      0.956      0.874
                     0       3448         44      0.939          1      0.991      0.947
                     1       3448         51      0.955       0.98      0.984      0.906
                     2       3448         60      0.967      0.981      0.988      0.903
                     3       3448         36      0.876      0.889      0.967       0.91
                     4       3448         48      0.882      0.936      0.957      0.898
                     5       3448         45      0.977      0.953      0.991      0.905
                     6       3448         56      0.971      0.964      0.983      0.864
                     7       3448         52      0.955      0.923      0.979      0.904
                     8       3448         49      0.986      0.959      0.994      0.933
                     9       3448         43      0.946      0.977      0.993      0.924
                    10       3448         60      0.983       0.95      0.979      0.888
                    11       3448         57      0.957      0.781       0.95      0.867
                    12       3448         59      0.813      0.864      0.907      0.848
                    13       3448         61          1       0.97      0.995      0.913
                    14       3448         56          1      0.944      0.991      0.892
                    15       3448         55      0.969      0.964      0.992      0.934
                    16       3448         51      0.964      0.902      0.986      0.936
                    17       3448         52      0.893          1      0.987      0.943
                    18       3448         61      0.966          1      0.995       0.95
                    19       3448         47      0.957      0.957      0.991      0.944
                    20       3448         52      0.789       0.79      0.928      0.876
                    21       3448         49      0.968          1      0.995      0.947
                    22       3448         55      0.992          1      0.995       0.95
                    23       3448         41      0.964          1      0.995      0.915
                    24       3448         46      0.997      0.978      0.975      0.912
                    25       3448         55      0.951          1      0.988      0.904
                    26       3448         57          1      0.907      0.926      0.822
                    27       3448         49      0.955          1      0.995      0.921
                    28       3448         40      0.954       0.95       0.97      0.895
                    29       3448         50      0.916          1      0.982      0.902
                    30       3448         55      0.775      0.855       0.91      0.841
                    31       3448         59      0.942      0.949      0.986      0.917
                    32       3448         47      0.808      0.896      0.955        0.9
                    33       3448         51      0.926      0.824      0.932      0.864
                    34       3448         52      0.962      0.962      0.993      0.917
                    35       3448         52      0.996          1      0.995      0.949
                    36       3448         79      0.987      0.972      0.981      0.859
                    37       3448         49      0.982       0.98      0.994      0.932
                    38       3448         47      0.882      0.979       0.99       0.94
                    39       3448         53      0.986      0.981      0.995      0.936
                    40       3448         42      0.998          1      0.995      0.941
                    41       3448         46      0.989          1      0.995      0.956
                    42       3448         52      0.876      0.923      0.976      0.848
                    43       3448         47      0.985      0.936      0.974      0.902
                    44       3448         57      0.931      0.947      0.969      0.883
                    45       3448         48      0.959      0.985      0.994      0.913
                    46       3448         53      0.963      0.995      0.992      0.937
                    47       3448         51      0.956      0.961      0.986      0.941
                    48       3448         32      0.981          1      0.995      0.962
                    49       3448         59      0.973      0.983      0.994      0.909
                    50       3448         55       0.98      0.964      0.991      0.916
                    51       3448         57      0.979      0.947      0.989      0.913
                    52       3448         51      0.937      0.902      0.946      0.848
                    53       3448         44      0.888        0.9      0.962      0.892
                    54       3448         51      0.877      0.961      0.985      0.935
                    55       3448         49      0.907          1      0.993      0.893
                    56       3448         46      0.953          1      0.995      0.932
                    57       3448         49       0.98      0.985      0.995       0.95
                    58       3448         43          1      0.923      0.945       0.86
                    59       3448         43      0.977      0.977      0.975      0.872
                    60       3448         59      0.977          1      0.995      0.901
                    61       3448         44      0.954      0.944      0.973       0.86
                    62       3448         51      0.941       0.98       0.97      0.866
                    63       3448         41      0.987          1      0.995      0.933
                    64       3448         58      0.831       0.69      0.899      0.816
                    65       3448         42      0.618      0.905      0.847      0.781
                    66       3448         46      0.989          1      0.995      0.931
                    67       3448         62      0.976          1      0.995      0.941
                    68       3448         48      0.561       0.75       0.66      0.584
                    69       3448         53      0.642      0.679      0.736      0.677
                    70       3448         57      0.886      0.955      0.986      0.924
                    71       3448         61      0.948       0.89      0.984      0.922
                    72       3448         50      0.988       0.98      0.993      0.917
                    73       3448         48      0.851      0.715       0.89      0.824
                    74       3448         41      0.671      0.897      0.855      0.788
                    75       3448         51      0.957          1      0.994      0.883
                    76       3448         54          1      0.985      0.995      0.929
                    77       3448         45      0.889      0.889       0.94      0.876
                    78       3448         49      0.931      0.939      0.944      0.869
                    79       3448         49      0.989          1      0.995      0.939
                    80       3448         48      0.966      0.979      0.976      0.927
                    81       3448         50      0.956          1      0.995      0.931
                    82       3448         47      0.994      0.979      0.989       0.89
                    83       3448         46      0.982          1      0.995      0.912
                    84       3448         47      0.981          1      0.995      0.914
                    85       3448         52      0.719      0.865      0.861      0.672
                    86       3448         47      0.742      0.809      0.813       0.73
                    87       3448         25      0.921       0.92      0.983      0.909
                    88       3448         55      0.947      0.964      0.982      0.877
                    89       3448         45      0.956       0.97      0.991      0.882
                    90       3448         54      0.944          1       0.99      0.857
                    91       3448         58      0.975          1      0.981      0.917
                    92       3448         37      0.985          1      0.995      0.922
                    93       3448         56      0.991          1      0.995      0.936
                    94       3448         56      0.962      0.964      0.975       0.88
                    95       3448         55          1      0.958       0.99      0.908
                    96       3448         45      0.873      0.956      0.979      0.932
                    97       3448         51      0.989          1      0.995       0.94
                    98       3448         54      0.963      0.964      0.992      0.881
                    99       3448         41      0.859      0.892       0.94      0.829
                   100       3448         44      0.936      0.955      0.988      0.886
                   101       3448         44      0.976       0.91      0.979      0.884
                   102       3448         49       0.99          1      0.995      0.942
                   103       3448         62      0.984      0.996      0.988      0.938
                   104       3448         49      0.987          1      0.995       0.97
                   105       3448         48      0.986      0.979      0.978      0.963
                   106       3448         58      0.989          1      0.995      0.924
                   107       3448         59      0.973      0.966       0.97      0.902
                   108       3448         44      0.981          1      0.995      0.949
                   109       3448         51      0.986          1      0.995       0.92
                   110       3448         51       0.97          1      0.995      0.934
                   111       3448         46      0.982      0.978      0.994      0.927
                   112       3448         56      0.992          1      0.995      0.924
                   113       3448         51      0.987          1      0.995      0.916
                   114       3448         52      0.972          1      0.995      0.889
                   115       3448         39      0.987          1      0.995      0.887
                   116       3448         59      0.917      0.936      0.971        0.9
                   117       3448         48      0.905      0.979      0.993      0.927
                   118       3448         54      0.996      0.963      0.984      0.872
                   119       3448         43      0.966          1      0.995      0.951
                   120       3448         51      0.989          1      0.995      0.942
                   121       3448         49      0.988          1      0.995      0.944
                   122       3448         48      0.916      0.938      0.952      0.829
                   123       3448         51      0.944          1      0.995      0.935
                   124       3448         61      0.992          1      0.995      0.925
                   125       3448         54      0.988      0.963      0.965      0.901
                   126       3448         45      0.981          1      0.995      0.898
                   127       3448         41      0.964          1      0.995      0.924
                   128       3448         47      0.987          1      0.995      0.918
                   129       3448         58      0.993      0.983      0.985      0.902
                   130       3448         52      0.977          1      0.995      0.948
                   131       3448         55          1      0.998      0.995       0.92
                   132       3448         38      0.962          1      0.995       0.91
                   133       3448         52      0.982          1      0.995      0.925
                   134       3448         45      0.987      0.978      0.995      0.917
                   135       3448         50      0.925       0.92      0.948      0.857
                   136       3448         42      0.983          1      0.995       0.93
                   137       3448         60      0.966          1      0.993      0.914
                   138       3448         47      0.987          1      0.995      0.934
                   139       3448         57      0.999          1      0.995      0.938
                   140       3448         49      0.966      0.939      0.955      0.897
                   141       3448         52      0.987      0.981      0.994      0.922
                   142       3448         49      0.913      0.918      0.974      0.892
                   143       3448         49      0.915      0.883      0.973      0.898
                   144       3448         46      0.949          1      0.995      0.951
                   145       3448         47          1      0.955      0.995      0.918
                   146       3448         58       0.89      0.948      0.983      0.934
                   147       3448         47      0.681      0.545      0.665      0.522
                   148       3448         39      0.596      0.795      0.744      0.606
                   149       3448         58      0.886      0.724      0.878      0.793
                   150       3448         58      0.857      0.829      0.925      0.832
                   151       3448         54      0.698      0.771      0.772      0.687
                   152       3448         45      0.677      0.793      0.871      0.774
                   153       3448         39      0.974          1      0.994      0.904
                   154       3448         50      0.919      0.909      0.944       0.78
                   155       3448         54      0.956          1      0.994      0.846
                   156       3448         49      0.965       0.98      0.987      0.891
                   157       3448         49      0.979          1      0.995      0.864
                   158       3448         42      0.977      0.998      0.995        0.9
                   159       3448         53      0.963      0.995      0.992       0.88
                   160       3448         48       0.95          1      0.995      0.924
                   161       3448         54          1       0.98      0.994      0.944
                   162       3448         44      0.955      0.977      0.975      0.938
                   163       3448         41      0.992          1      0.995      0.957
                   164       3448         59      0.982      0.937      0.993      0.943
                   165       3448         43      0.906          1      0.992      0.949
                   166       3448         50      0.983       0.98      0.975      0.891
                   167       3448         53      0.954          1      0.994      0.945
                   168       3448         46          1      0.974      0.994       0.94
                   169       3448         56      0.987          1      0.995      0.892
                   170       3448         61      0.947          1      0.995      0.848
                   171       3448         51      0.987          1      0.995      0.932
                   172       3448         58      0.931      0.983       0.99       0.89
                   173       3448         53      0.972          1      0.994      0.899
                   174       3448         51      0.676      0.902        0.9      0.819
                   175       3448         52      0.806      0.797        0.9      0.781
                   176       3448         44      0.824       0.85      0.876      0.744
                   177       3448         41      0.726      0.878      0.891      0.785
                   178       3448        137      0.884      0.889      0.915      0.776
                   179       3448         61      0.993          1      0.995      0.886
                   180       3448         60      0.996      0.983      0.992      0.846
                   181       3448         53       0.81      0.726      0.887      0.777
                   182       3448         42      0.811      0.952      0.978      0.921
                   183       3448         40      0.571      0.833      0.776      0.682
                   184       3448         40      0.847      0.833      0.954      0.859
                   185       3448         53      0.892          1      0.986       0.83
                   186       3448         41      0.598      0.878      0.848      0.692
                   187       3448         34      0.571      0.782      0.724      0.539
                   188       3448         40      0.517      0.108      0.442      0.349
                   189       3448         43      0.953      0.953      0.971      0.833
                   190       3448         35      0.609      0.829      0.869      0.722
                   191       3448         48      0.638      0.477      0.633      0.438
                   192       3448         33      0.484      0.171      0.518       0.42
                   193       3448         41      0.754      0.732      0.768      0.596
                   194       3448         31      0.656      0.554      0.683      0.544
                   195       3448         80      0.907      0.938      0.934      0.819
                   196       3448         56      0.912      0.929      0.964      0.864
                   197       3448         57      0.944      0.947       0.96      0.864
                   198       3448         56      0.948      0.982      0.978      0.863
START_Training_DFG-tsd.md: line 25:  5004 Segmentation fault      (core dumped) python train.py --img 640 --batch-size -1 --epochs 2000 --data DFG-tsd.yaml --weights '' --cfg 'yolov5m_200.yaml' --workers 16 --cache ram --device 0,1 --project Traffic_signs_v5m_scratch
