Epoch    GPU_mem   box_loss   obj_loss   cls_loss  Instances       Size
   563/1999        10G    0.01833   0.009003   0.008543         85        640: 100%|██████████| 162/162 [01:05<00:00,  2.48it/s]                           
                 Class     Images  Instances          P          R      mAP50   mAP50-95: 100%|██████████| 27/27 [00:17<00:00,  1.55it/s]                  
                   all       3448      10017      0.884      0.888      0.915      0.825
Stopping training early as no improvement observed in last 100 epochs. Best results observed at epoch 463, best model saved as best.pt.
To update EarlyStopping(patience=100) pass a new patience value, i.e. `python train.py --patience 300` or use `--patience 0` to disable EarlyStopping.

564 epochs completed in 13.372 hours.
Optimizer stripped from Traffic_signs/exp15/weights/last.pt, 15.5MB
Optimizer stripped from Traffic_signs/exp15/weights/best.pt, 15.5MB

Validating Traffic_signs/exp15/weights/best.pt...
Fusing layers... 
Model summary: 157 layers, 7549525 parameters, 0 gradients, 17.5 GFLOPs
                 Class     Images  Instances          P          R      mAP50   mAP50-95: 100%|██████████| 27/27 [00:22<00:00,  1.21it/s]                  
                   all       3448      10017      0.879      0.895      0.918      0.828
                     0       3448         44       0.96          1      0.995      0.941
                     1       3448         51      0.951      0.941      0.965      0.883
                     2       3448         60      0.966      0.938      0.982      0.903
                     3       3448         36      0.835      0.833      0.926      0.852
                     4       3448         48       0.83      0.913      0.934      0.863
                     5       3448         45      0.918      0.889      0.965      0.857
                     6       3448         56      0.918      0.911      0.951      0.826
                     7       3448         52      0.921      0.902      0.961      0.882
                     8       3448         49      0.932      0.959      0.991      0.926
                     9       3448         43      0.896       0.93      0.982      0.887
                    10       3448         60      0.927      0.933       0.98      0.877
                    11       3448         57      0.826      0.752      0.867      0.793
                    12       3448         59      0.794      0.712      0.823      0.755
                    13       3448         61      0.983      0.967      0.991      0.894
                    14       3448         56      0.981      0.911      0.968      0.888
                    15       3448         55          1      0.941      0.971      0.902
                    16       3448         51      0.896      0.847      0.943       0.89
                    17       3448         52      0.845      0.904      0.967      0.921
                    18       3448         61      0.979      0.951      0.979      0.928
                    19       3448         47      0.901      0.979      0.982      0.914
                    20       3448         52      0.738      0.846      0.868      0.797
                    21       3448         49      0.966          1      0.995      0.952
                    22       3448         55      0.946      0.964       0.99      0.934
                    23       3448         41      0.898      0.951      0.977      0.896
                    24       3448         46       0.97      0.957      0.971      0.888
                    25       3448         55      0.907      0.964      0.969      0.873
                    26       3448         57      0.979      0.912       0.94      0.802
                    27       3448         49      0.942          1      0.994      0.904
                    28       3448         40      0.964       0.95      0.958      0.854
                    29       3448         50      0.914       0.98      0.969      0.853
                    30       3448         55      0.709      0.754      0.848       0.76
                    31       3448         59      0.886      0.922      0.976      0.898
                    32       3448         47       0.69      0.702      0.839      0.792
                    33       3448         51      0.654      0.686      0.792      0.727
                    34       3448         52      0.955      0.942      0.988      0.912
                    35       3448         52      0.988      0.981      0.994      0.913
                    36       3448         79      0.987      0.969      0.976      0.855
                    37       3448         49      0.899       0.98      0.983      0.899
                    38       3448         47       0.94      0.979      0.986      0.919
                    39       3448         53          1      0.971      0.986      0.908
                    40       3448         42      0.928      0.976      0.992      0.913
                    41       3448         46      0.991          1      0.995      0.939
                    42       3448         52      0.939      0.904      0.966      0.833
                    43       3448         47          1       0.91      0.955      0.865
                    44       3448         57      0.916      0.952      0.961      0.883
                    45       3448         48      0.992      0.979      0.995      0.903
                    46       3448         53      0.848      0.887      0.925      0.851
                    47       3448         51      0.778      0.893      0.926      0.875
                    48       3448         32      0.985          1      0.995      0.947
                    49       3448         59      0.967      0.998       0.97      0.872
                    50       3448         55       0.98      0.887      0.976       0.87
                    51       3448         57      0.973      0.912      0.973      0.887
                    52       3448         51      0.869      0.824      0.901      0.784
                    53       3448         44      0.878      0.818      0.921      0.855
                    54       3448         51      0.808      0.902      0.958      0.883
                    55       3448         49      0.845      0.959      0.972      0.865
                    56       3448         46      0.947      0.978      0.993      0.915
                    57       3448         49          1      0.983      0.995      0.943
                    58       3448         43      0.976      0.942      0.959      0.846
                    59       3448         43      0.984      0.977      0.975      0.864
                    60       3448         59      0.965          1      0.995      0.893
                    61       3448         44      0.947      0.977      0.974      0.863
                    62       3448         51      0.942       0.98       0.97      0.856
                    63       3448         41      0.956          1      0.995      0.942
                    64       3448         58       0.68      0.552      0.706      0.621
                    65       3448         42      0.495      0.723      0.584      0.523
                    66       3448         46      0.989          1      0.995      0.924
                    67       3448         62       0.96      0.984      0.994      0.925
                    68       3448         48      0.529      0.708      0.565      0.504
                    69       3448         53       0.65       0.66        0.7      0.638
                    70       3448         57      0.744      0.815      0.896      0.822
                    71       3448         61      0.755      0.787      0.873      0.823
                    72       3448         50      0.978       0.98      0.994        0.9
                    73       3448         48      0.765      0.612      0.785      0.712
                    74       3448         41      0.639       0.82      0.671      0.615
                    75       3448         51      0.957       0.98      0.985      0.859
                    76       3448         54      0.981      0.941      0.993      0.923
                    77       3448         45      0.873      0.919      0.949      0.879
                    78       3448         49      0.936      0.888      0.932      0.844
                    79       3448         49      0.976          1      0.995      0.929
                    80       3448         48      0.963      0.979      0.975      0.924
                    81       3448         50      0.967          1      0.993      0.914
                    82       3448         47      0.991      0.979      0.975      0.866
                    83       3448         46      0.984      0.978      0.995      0.905
                    84       3448         47      0.975          1      0.995       0.89
                    85       3448         52      0.654      0.799       0.71      0.586
                    86       3448         47      0.674      0.661      0.713      0.638
                    87       3448         25      0.692        0.9        0.8      0.735
                    88       3448         55      0.884      0.855       0.96      0.857
                    89       3448         45       0.89      0.978      0.977      0.864
                    90       3448         54      0.962       0.95      0.977      0.798
                    91       3448         58       0.96          1       0.99      0.912
                    92       3448         37      0.985          1      0.995      0.911
                    93       3448         56       0.99          1      0.995      0.923
                    94       3448         56      0.815      0.786      0.893      0.792
                    95       3448         55      0.981      0.945      0.988      0.884
                    96       3448         45      0.752      0.876      0.814      0.768
                    97       3448         51       0.99          1      0.995      0.923
                    98       3448         54      0.979      0.981      0.985      0.868
                    99       3448         41      0.771      0.878      0.883      0.794
                   100       3448         44      0.838      0.942      0.976      0.857
                   101       3448         44       0.95      0.871      0.949      0.841
                   102       3448         49      0.994          1      0.995      0.929
                   103       3448         62      0.984      0.989      0.992      0.918
                   104       3448         49      0.989          1      0.995      0.956
                   105       3448         48      0.919      0.979      0.992      0.957
                   106       3448         58          1      0.984      0.995      0.911
                   107       3448         59      0.952      0.966      0.968      0.892
                   108       3448         44      0.989          1      0.995      0.926
                   109       3448         51      0.972          1      0.995      0.934
                   110       3448         51      0.952          1      0.995      0.941
                   111       3448         46      0.956          1      0.995      0.931
                   112       3448         56      0.982      0.994      0.995      0.891
                   113       3448         51      0.974          1      0.995      0.907
                   114       3448         52      0.986          1      0.995      0.892
                   115       3448         39      0.989          1      0.995       0.88
                   116       3448         59      0.881      0.864      0.964      0.866
                   117       3448         48      0.889      0.979      0.982      0.885
                   118       3448         54      0.986      0.944       0.99      0.854
                   119       3448         43      0.979          1      0.995      0.929
                   120       3448         51       0.99          1      0.995      0.903
                   121       3448         49       0.98          1      0.995      0.922
                   122       3448         48      0.897      0.912      0.947      0.805
                   123       3448         51      0.964       0.98      0.994      0.924
                   124       3448         61      0.975          1      0.995       0.92
                   125       3448         54      0.991      0.963      0.965      0.888
                   126       3448         45      0.985      0.956      0.988      0.879
                   127       3448         41      0.958          1      0.995      0.921
                   128       3448         47      0.994      0.936      0.984      0.874
                   129       3448         58      0.987      0.966      0.984      0.889
                   130       3448         52      0.981      0.968      0.994      0.929
                   131       3448         55      0.981          1      0.995      0.926
                   132       3448         38      0.923      0.974      0.983        0.9
                   133       3448         52      0.972      0.981      0.994      0.909
                   134       3448         45      0.997          1      0.995      0.901
                   135       3448         50      0.878       0.94      0.955      0.842
                   136       3448         42      0.987          1      0.995      0.911
                   137       3448         60      0.977      0.983       0.99      0.906
                   138       3448         47      0.967          1      0.994      0.935
                   139       3448         57      0.986      0.982      0.986      0.917
                   140       3448         49      0.969      0.939      0.954      0.902
                   141       3448         52      0.921      0.962      0.988      0.911
                   142       3448         49      0.792      0.776      0.883      0.823
                   143       3448         49      0.891      0.857      0.939      0.875
                   144       3448         46      0.932          1      0.995      0.936
                   145       3448         47      0.958      0.978      0.992      0.922
                   146       3448         58      0.791      0.948      0.961      0.888
                   147       3448         47      0.542      0.352      0.488      0.376
                   148       3448         39      0.454       0.64      0.549      0.427
                   149       3448         58      0.774      0.707      0.802       0.73
                   150       3448         58      0.774      0.707      0.802      0.722
                   151       3448         54      0.575      0.556       0.59      0.489
                   152       3448         45      0.516       0.64      0.661      0.581
                   153       3448         39      0.821      0.974      0.982      0.879
                   154       3448         50       0.88       0.76      0.862      0.709
                   155       3448         54      0.953      0.926      0.982      0.826
                   156       3448         49      0.959       0.98      0.976      0.871
                   157       3448         49       0.98       0.98      0.991      0.838
                   158       3448         42      0.956      0.976       0.99      0.901
                   159       3448         53      0.952      0.981      0.989      0.877
                   160       3448         48      0.862      0.875      0.961      0.878
                   161       3448         54      0.892       0.92      0.974      0.912
                   162       3448         44      0.955      0.841      0.946      0.897
                   163       3448         41      0.856      0.976      0.971       0.92
                   164       3448         59          1      0.892      0.975      0.924
                   165       3448         43      0.833      0.977      0.975      0.937
                   166       3448         50      0.986       0.96      0.974      0.884
                   167       3448         53      0.923      0.962      0.987      0.924
                   168       3448         46      0.946      0.935      0.986      0.919
                   169       3448         56      0.988          1      0.995      0.878
                   170       3448         61      0.958      0.967      0.983      0.829
                   171       3448         51      0.985          1      0.995      0.925
                   172       3448         58      0.885      0.966      0.978      0.897
                   173       3448         53      0.973          1      0.993      0.886
                   174       3448         51      0.586      0.765       0.66      0.578
                   175       3448         52      0.611      0.654      0.647      0.538
                   176       3448         44      0.733      0.687      0.713      0.589
                   177       3448         41      0.577       0.78      0.761      0.635
                   178       3448        137      0.845      0.879      0.915      0.771
                   179       3448         61      0.987          1      0.995      0.878
                   180       3448         60      0.995      0.967      0.978      0.842
                   181       3448         53      0.781      0.642      0.761      0.633
                   182       3448         42      0.818      0.762      0.879      0.827
                   183       3448         40      0.518      0.725      0.583      0.487
                   184       3448         40      0.633      0.875      0.883      0.777
                   185       3448         53      0.895          1      0.985      0.812
                   186       3448         41      0.568      0.739      0.666      0.524
                   187       3448         34      0.432      0.588      0.458      0.311
                   188       3448         40      0.485      0.118       0.39      0.266
                   189       3448         43       0.93      0.953       0.98      0.806
                   190       3448         35      0.386      0.629      0.539      0.415
                   191       3448         48      0.566      0.375        0.5      0.382
                   192       3448         33      0.304      0.278      0.401      0.299
                   193       3448         41       0.72      0.512      0.654      0.453
                   194       3448         31      0.421      0.328      0.391      0.252
                   195       3448         80      0.908      0.861      0.881      0.749
                   196       3448         56      0.898      0.946      0.963       0.84
                   197       3448         57       0.96       0.93      0.965      0.836
                   198       3448         56      0.985      0.982      0.994      0.875
